[gd_scene load_steps=9 format=2]

[ext_resource path="res://Models/new new woman.glb" type="PackedScene" id=1]
[ext_resource path="res://Scripts/Athlete.gd" type="Script" id=2]
[ext_resource path="res://Scripts/IKTarget.gd" type="Script" id=3]
[ext_resource path="res://Addons/jigglebones/jigglebone.gd" type="Script" id=6]

[sub_resource type="AnimationNodeAnimation" id=1]
animation = "DigPreparation"

[sub_resource type="AnimationNodeAnimation" id=2]
animation = "DigContact"

[sub_resource type="AnimationNodeBlendSpace1D" id=3]
blend_point_0/node = SubResource( 1 )
blend_point_0/pos = 0.0
blend_point_1/node = SubResource( 2 )
blend_point_1/pos = 1.0
min_space = 0.0

[sub_resource type="AnimationNodeBlendTree" id=4]
graph_offset = Vector2( -475, 75 )
nodes/BlendSpace1D/node = SubResource( 3 )
nodes/BlendSpace1D/position = Vector2( -220, 120 )
nodes/output/position = Vector2( 180, 140 )
node_connections = [ "output", 0, "BlendSpace1D" ]

[node name="new new woman" instance=ExtResource( 1 )]
script = ExtResource( 2 )

[node name="Target" type="Spatial" parent="." index="0"]
transform = Transform( 0.683427, 0, 0.730019, 0, 1, 0, -0.730019, 0, 0.683427, 0.0612669, 0.847275, -0.350084 )
script = ExtResource( 3 )

[node name="Node" type="Spatial" parent="godette volleyball/Skeleton" index="6"]
transform = Transform( 0.999789, 0.00357814, -0.0202422, 0.0205141, -0.230366, 0.973289, -0.00117966, -0.973465, -0.230399, 0.0165635, 0.265864, 0.308921 )
script = ExtResource( 6 )
bone_name = "hair01"

[node name="Node2" type="Spatial" parent="godette volleyball/Skeleton" index="7"]
transform = Transform( 0.99983, -0.000195384, -0.0184101, 0.00609777, -0.940307, 0.341386, -0.0173648, -0.341445, -0.940134, 0.0148329, 0.891072, 0.992369 )
script = ExtResource( 6 )
bone_name = "hair02"

[node name="Node3" type="Spatial" parent="godette volleyball/Skeleton" index="8"]
transform = Transform( 0.999826, -0.00126185, -0.0186011, 0.000694429, -0.994871, 0.104842, -0.018624, -0.104838, -0.994685, 0.0149857, 1.02771, 1.01058 )
script = ExtResource( 6 )
bone_name = "hair03"

[node name="Node4" type="Spatial" parent="godette volleyball/Skeleton" index="9"]
transform = Transform( -0.843632, 0.536919, -0.00530336, -0.361081, -0.559998, 0.746217, 0.397398, 0.630999, 0.666764, 0.00545652, 0.159428, -0.657572 )
script = ExtResource( 6 )
bone_name = "breast.L"

[node name="Node5" type="Spatial" parent="godette volleyball/Skeleton" index="10"]
transform = Transform( -0.843628, -0.536919, -0.00555067, 0.351371, -0.559855, 0.750952, -0.406009, 0.631126, 0.661427, 0.00572143, 0.154708, -0.65225 )
script = ExtResource( 6 )
bone_name = "breast.R"

[node name="AnimationTree" type="AnimationTree" parent="." index="2"]
tree_root = SubResource( 4 )
anim_player = NodePath("../AnimationPlayer")
active = true
parameters/BlendSpace1D/blend_position = 1.098
